0.983374
0.234723
0.355812
0.388723
0.089900
0.363074
0.612909
0.297889
0.736741
0.911336
0.610038
0.567728
0.877338
0.082518
0.898654
0.798254
0.367835
0.375503
0.106815
0.802688
0.045644
0.793559
0.418650
0.113217
0.296140
0.200132
0.601543
0.436171
0.702927
0.945406
0.920021
0.992329
0.765197
0.921683
0.927128
0.219098
0.101592
0.576992
0.410382
0.115881
0.809614
0.750936
0.506434
0.733434
0.328533
0.841231
0.675780
0.743573
0.972724
0.992402
0.971854
0.069999
0.693429
0.415291
0.582461
0.423088
0.295219
0.194631
0.159012
0.174007
0.916140
0.982637
0.352569
0.498453
0.523226
0.226982
0.171343
0.340672
0.280929
0.652181
0.239105
0.752604
0.726912
0.377463
0.484441
0.696460
0.748933
0.199702
0.505106
0.757418
0.602570
0.546642
0.941093
0.042269
0.151335
0.201957
0.499587
0.640560
0.613658
0.030362
0.550644
0.621775
0.374720
0.074314
0.240831
0.952775
0.587859
0.246010
0.362933
0.699543
